{
  "nbformat": 4,
  "nbformat_minor": 0,
  "metadata": {
    "colab": {
      "provenance": []
    },
    "kernelspec": {
      "name": "python3",
      "display_name": "Python 3"
    },
    "language_info": {
      "name": "python"
    }
  },
  "cells": [
    {
      "cell_type": "code",
      "execution_count": 13,
      "metadata": {
        "id": "oq5aiDycBL9n"
      },
      "outputs": [],
      "source": [
        "import numpy as np\n",
        "import pandas as pd\n",
        "from sklearn.decomposition import PCA\n",
        "from sklearn.preprocessing import StandardScaler\n",
        "import matplotlib.pyplot as plt"
      ]
    },
    {
      "cell_type": "code",
      "source": [
        "# Load the datasets\n",
        "white_wine = pd.read_csv('/content/winequality-white.csv')\n",
        "red_wine = pd.read_csv('/content/winequality-red.csv')\n",
        "\n",
        "# Display the first few rows of the datasets\n",
        "white_wine.head(), red_wine.head()"
      ],
      "metadata": {
        "colab": {
          "base_uri": "https://localhost:8080/"
        },
        "id": "UcC2dvyBIPj3",
        "outputId": "5bd9bbfe-fbf7-49c3-ee90-c5689db709e2"
      },
      "execution_count": 7,
      "outputs": [
        {
          "output_type": "execute_result",
          "data": {
            "text/plain": [
              "(   fixed acidity  volatile acidity  citric acid  residual sugar  chlorides  \\\n",
              " 0            7.0              0.27         0.36            20.7      0.045   \n",
              " 1            6.3              0.30         0.34             1.6      0.049   \n",
              " 2            8.1              0.28         0.40             6.9      0.050   \n",
              " 3            7.2              0.23         0.32             8.5      0.058   \n",
              " 4            7.2              0.23         0.32             8.5      0.058   \n",
              " \n",
              "    free sulfur dioxide  total sulfur dioxide  density    pH  sulphates  \\\n",
              " 0                 45.0                 170.0   1.0010  3.00       0.45   \n",
              " 1                 14.0                 132.0   0.9940  3.30       0.49   \n",
              " 2                 30.0                  97.0   0.9951  3.26       0.44   \n",
              " 3                 47.0                 186.0   0.9956  3.19       0.40   \n",
              " 4                 47.0                 186.0   0.9956  3.19       0.40   \n",
              " \n",
              "    alcohol  quality  \n",
              " 0      8.8        6  \n",
              " 1      9.5        6  \n",
              " 2     10.1        6  \n",
              " 3      9.9        6  \n",
              " 4      9.9        6  ,\n",
              "    fixed acidity  volatile acidity  citric acid  residual sugar  chlorides  \\\n",
              " 0            7.4              0.70         0.00             1.9      0.076   \n",
              " 1            7.8              0.88         0.00             2.6      0.098   \n",
              " 2            7.8              0.76         0.04             2.3      0.092   \n",
              " 3           11.2              0.28         0.56             1.9      0.075   \n",
              " 4            7.4              0.70         0.00             1.9      0.076   \n",
              " \n",
              "    free sulfur dioxide  total sulfur dioxide  density    pH  sulphates  \\\n",
              " 0                 11.0                  34.0   0.9978  3.51       0.56   \n",
              " 1                 25.0                  67.0   0.9968  3.20       0.68   \n",
              " 2                 15.0                  54.0   0.9970  3.26       0.65   \n",
              " 3                 17.0                  60.0   0.9980  3.16       0.58   \n",
              " 4                 11.0                  34.0   0.9978  3.51       0.56   \n",
              " \n",
              "    alcohol  quality  \n",
              " 0      9.4        5  \n",
              " 1      9.8        5  \n",
              " 2      9.8        5  \n",
              " 3      9.8        6  \n",
              " 4      9.4        5  )"
            ]
          },
          "metadata": {},
          "execution_count": 7
        }
      ]
    },
    {
      "cell_type": "markdown",
      "source": [
        "MATRIX OPERATIONS (addition, subtraction, multiplication, and finding the rank of a matrix.)"
      ],
      "metadata": {
        "id": "pubxmU5XIwA1"
      }
    },
    {
      "cell_type": "code",
      "source": [
        "# Select a subset of the data (first 5 rows and first 5 columns)\n",
        "subset_white = white_wine.iloc[:5, :5].values\n",
        "subset_red = red_wine.iloc[:5, :5].values\n",
        "\n",
        "# Matrix addition\n",
        "addition_result = subset_white + subset_red\n",
        "\n",
        "# Matrix subtraction\n",
        "subtraction_result = subset_white - subset_red\n",
        "\n",
        "# Matrix multiplication\n",
        "multiplication_result = np.dot(subset_white, subset_red.T)\n",
        "\n",
        "# Rank of the matrix\n",
        "rank_white = np.linalg.matrix_rank(subset_white)\n",
        "rank_red = np.linalg.matrix_rank(subset_red)\n",
        "\n",
        "addition_result, subtraction_result, multiplication_result, rank_white, rank_red"
      ],
      "metadata": {
        "colab": {
          "base_uri": "https://localhost:8080/"
        },
        "id": "F0UJkMWLI1-y",
        "outputId": "d3cb0e8c-b8cf-4e2e-eafa-4dd600ebc8a6"
      },
      "execution_count": 8,
      "outputs": [
        {
          "output_type": "execute_result",
          "data": {
            "text/plain": [
              "(array([[14.4  ,  0.97 ,  0.36 , 22.6  ,  0.121],\n",
              "        [14.1  ,  1.18 ,  0.34 ,  4.2  ,  0.147],\n",
              "        [15.9  ,  1.04 ,  0.44 ,  9.2  ,  0.142],\n",
              "        [18.4  ,  0.51 ,  0.88 , 10.4  ,  0.133],\n",
              "        [14.6  ,  0.93 ,  0.32 , 10.4  ,  0.134]]),\n",
              " array([[-4.00e-01, -4.30e-01,  3.60e-01,  1.88e+01, -3.10e-02],\n",
              "        [-1.50e+00, -5.80e-01,  3.40e-01, -1.00e+00, -4.90e-02],\n",
              "        [ 3.00e-01, -4.80e-01,  3.60e-01,  4.60e+00, -4.20e-02],\n",
              "        [-4.00e+00, -5.00e-02, -2.40e-01,  6.60e+00, -1.70e-02],\n",
              "        [-2.00e-01, -4.70e-01,  3.20e-01,  6.60e+00, -1.80e-02]]),\n",
              " array([[ 91.32242 , 108.66201 , 102.43374 , 118.010575,  91.32242 ],\n",
              "        [ 49.873724,  53.568802,  53.066108,  73.878075,  49.873724],\n",
              "        [ 73.2498  ,  81.3713  ,  79.2834  , 104.13615 ,  73.2498  ],\n",
              "        [ 69.595408,  78.468084,  75.902936,  97.03795 ,  69.595408],\n",
              "        [ 69.595408,  78.468084,  75.902936,  97.03795 ,  69.595408]]),\n",
              " 4,\n",
              " 4)"
            ]
          },
          "metadata": {},
          "execution_count": 8
        }
      ]
    },
    {
      "cell_type": "markdown",
      "source": [
        "Covariance Matrix Determinant and Significance"
      ],
      "metadata": {
        "id": "an4_vMYLJ3Tx"
      }
    },
    {
      "cell_type": "code",
      "source": [
        "# Compute the covariance matrix\n",
        "cov_matrix_white = np.cov(white_wine, rowvar=False)\n",
        "cov_matrix_red = np.cov(red_wine, rowvar=False)\n",
        "\n",
        "# Compute the determinant of the covariance matrix\n",
        "determinant_white = np.linalg.det(cov_matrix_white)\n",
        "determinant_red = np.linalg.det(cov_matrix_red)\n",
        "\n",
        "determinant_white, determinant_red"
      ],
      "metadata": {
        "colab": {
          "base_uri": "https://localhost:8080/"
        },
        "id": "Sp5S4UjkJeDF",
        "outputId": "2dde0125-9c9a-49e0-c045-4d652a053016"
      },
      "execution_count": 9,
      "outputs": [
        {
          "output_type": "execute_result",
          "data": {
            "text/plain": [
              "(9.583504951392421e-12, 1.4505974593131714e-11)"
            ]
          },
          "metadata": {},
          "execution_count": 9
        }
      ]
    },
    {
      "cell_type": "markdown",
      "source": [
        "Diagonalization of the Covariance Matrix"
      ],
      "metadata": {
        "id": "CSSHQJygKP4E"
      }
    },
    {
      "cell_type": "code",
      "source": [
        "# Diagonalize the covariance matrix\n",
        "eigvals_white, eigvecs_white = np.linalg.eig(cov_matrix_white)\n",
        "eigvals_red, eigvecs_red = np.linalg.eig(cov_matrix_red)\n",
        "\n",
        "# Interpret the results (eigenvalues and eigenvectors)\n",
        "eigvals_white, eigvecs_white, eigvals_red, eigvecs_red"
      ],
      "metadata": {
        "colab": {
          "base_uri": "https://localhost:8080/"
        },
        "id": "h2mPvxlKKRFr",
        "outputId": "fcca5518-4cf1-4635-e448-8735024c2c8d"
      },
      "execution_count": 10,
      "outputs": [
        {
          "output_type": "execute_result",
          "data": {
            "text/plain": [
              "(array([1.93153409e+03, 1.68473166e+02, 2.15628867e+01, 1.31617443e+00,\n",
              "        6.86711335e-01, 5.00409212e-01, 1.83893681e-02, 1.41162502e-02,\n",
              "        1.14461035e-02, 8.20647606e-03, 3.95835170e-04, 3.12864643e-07]),\n",
              " array([[-1.54452453e-03, -9.16673296e-03,  1.29244578e-02,\n",
              "          1.24422410e-01,  9.84530707e-01,  8.49236772e-02,\n",
              "          7.43389867e-02, -4.68562413e-02, -4.96968204e-03,\n",
              "         -8.57816708e-04,  2.24739551e-03,  7.66601528e-04],\n",
              "        [-1.69030937e-04, -1.54624759e-03,  9.34397864e-04,\n",
              "         -5.04641601e-03, -3.84971566e-03, -4.09544532e-02,\n",
              "         -7.19119916e-02, -2.83221670e-01,  1.62429207e-01,\n",
              "         -9.41218753e-01, -2.48414077e-02,  4.69700074e-04],\n",
              "        [-3.38646756e-04,  1.40367326e-04,  1.25792693e-03,\n",
              "          2.93863262e-03,  4.16636471e-02,  8.27487507e-03,\n",
              "         -4.03006772e-02,  8.76795979e-01, -3.52074313e-01,\n",
              "         -3.21480015e-01, -2.20033151e-02,  3.37124552e-04],\n",
              "        [-4.73275083e-02,  1.49314295e-02,  9.95132094e-01,\n",
              "         -7.59758326e-02, -5.94915363e-04, -3.78225593e-02,\n",
              "          6.29485032e-03,  3.22940168e-04, -1.39857364e-04,\n",
              "          2.40966534e-03,  5.94052159e-04,  3.73691999e-04],\n",
              "        [-9.75793989e-05, -7.20390584e-05,  7.99982707e-05,\n",
              "          5.86406534e-03, -1.51292885e-03,  2.13552145e-03,\n",
              "         -1.37426810e-02,  1.42757191e-02,  1.50976516e-03,\n",
              "         -2.94761271e-02,  9.99336604e-01,  4.61685589e-03],\n",
              "        [-2.61872279e-01,  9.64637649e-01, -2.62836581e-02,\n",
              "          1.08349352e-02,  7.88627161e-03, -4.90679537e-03,\n",
              "          6.30919916e-04, -7.83437672e-04,  4.94342399e-04,\n",
              "         -1.16750746e-03, -1.03681465e-05, -6.48529405e-06],\n",
              "        [-9.63853329e-01, -2.62682018e-01, -4.28506386e-02,\n",
              "         -1.19772833e-02, -1.73915779e-03, -1.04400671e-03,\n",
              "         -7.47319872e-04, -5.95991040e-05, -3.55241254e-04,\n",
              "          6.93323375e-04, -2.81966166e-05,  3.81281784e-06],\n",
              "        [-3.59706391e-05, -1.83976939e-05,  4.47089057e-04,\n",
              "          9.77555567e-04,  3.25262524e-04,  5.77202670e-04,\n",
              "          3.69146900e-03,  3.27338751e-04,  1.30305568e-04,\n",
              "         -1.01046543e-03,  4.62940253e-03, -9.99981100e-01],\n",
              "        [-3.36199734e-06, -4.08057870e-05, -7.02248727e-03,\n",
              "         -1.66565597e-02, -7.54813438e-02,  1.74985889e-04,\n",
              "          9.35629944e-01, -1.11993840e-01, -3.12214415e-01,\n",
              "         -9.16016835e-02,  1.22038473e-02,  3.48175662e-03],\n",
              "        [-3.40888191e-04, -3.60533010e-04, -2.14549560e-03,\n",
              "         -5.04517849e-03, -3.56125428e-03,  1.04262703e-02,\n",
              "          3.34381231e-01,  3.68395283e-01,  8.67266674e-01,\n",
              "          1.28950512e-02, -1.59878075e-03,  1.44654106e-03],\n",
              "        [ 1.25043553e-02,  6.47965595e-03, -8.28886698e-02,\n",
              "         -8.25831259e-01,  1.52189379e-01, -5.35791770e-01,\n",
              "         -2.77727045e-04,  8.85099107e-03, -1.92848945e-03,\n",
              "          2.38683042e-02,  6.81135582e-03, -1.09566804e-03],\n",
              "        [ 3.28041170e-03,  1.09933430e-02, -9.53699973e-03,\n",
              "         -5.44165671e-01, -2.98632006e-03,  8.38093112e-01,\n",
              "         -1.48623442e-02, -1.66769439e-02, -4.76233470e-05,\n",
              "         -2.74365169e-02,  6.24590433e-04, -8.34736200e-05]]),\n",
              " array([1.13382822e+03, 5.79430374e+01, 3.11116313e+00, 1.82510241e+00,\n",
              "        1.25729787e+00, 4.01466078e-01, 3.71618047e-02, 2.31828141e-02,\n",
              "        1.13120345e-02, 9.80189286e-03, 1.43693844e-03, 5.61241208e-07]),\n",
              " array([[ 6.13296554e-03, -2.38646792e-02, -9.51200639e-01,\n",
              "         -2.69339189e-01,  6.26142757e-02, -9.01399262e-02,\n",
              "          7.34502580e-02, -1.03520780e-02, -6.32729703e-02,\n",
              "         -1.98485818e-02,  1.09739010e-02,  9.42333025e-04],\n",
              "        [-3.84670318e-04, -2.02021707e-03,  2.62402333e-02,\n",
              "          4.60102384e-03, -4.90814650e-02, -6.03885516e-02,\n",
              "          6.71807398e-01, -4.58025377e-01,  3.15596945e-01,\n",
              "          4.75094817e-01, -8.24673352e-02,  6.92455485e-04],\n",
              "        [-1.70762384e-04, -3.02675912e-03, -7.42538455e-02,\n",
              "         -8.47513677e-03,  3.87189202e-02,  7.66408542e-03,\n",
              "         -5.38271060e-01,  1.95424633e-01,  2.66756083e-01,\n",
              "          7.63765497e-01, -1.02099898e-01,  5.40304313e-05],\n",
              "        [-8.64864277e-03,  1.11453593e-02, -2.81876995e-01,\n",
              "          9.31286622e-01, -2.28101691e-01,  3.04786218e-02,\n",
              "         -4.37689115e-03, -2.47822822e-03, -3.62519715e-03,\n",
              "         -7.16017299e-03, -1.53688386e-03,  4.12962904e-04],\n",
              "        [-6.37476516e-05, -2.37525597e-04, -2.80220910e-03,\n",
              "         -1.05332218e-03, -8.77844057e-03,  2.32145203e-03,\n",
              "         -6.69265118e-02, -1.15816990e-01,  1.23982913e-01,\n",
              "          7.03943915e-02,  9.80655657e-01,  1.77289477e-03],\n",
              "        [-2.18852809e-01,  9.75212313e-01, -1.99910682e-02,\n",
              "         -2.23601147e-02, -1.14122931e-02, -5.12195956e-03,\n",
              "          2.36451695e-04,  5.60411018e-05,  2.41266284e-03,\n",
              "          1.51819128e-03, -3.40432938e-04, -8.46684572e-06],\n",
              "        [-9.75669835e-01, -2.18850408e-01,  9.82959404e-04,\n",
              "         -3.08989163e-03,  1.26031872e-02,  8.86744324e-04,\n",
              "          9.55555742e-04,  2.59380120e-04, -1.12810800e-03,\n",
              "         -6.33763176e-04,  2.77738601e-04,  2.57446318e-06],\n",
              "        [-3.72590009e-06, -2.50439091e-05, -7.64213504e-04,\n",
              "          1.69393411e-05, -7.76685913e-04,  2.69866445e-04,\n",
              "          4.26523342e-04, -1.60054558e-03, -4.30492256e-03,\n",
              "          2.51449776e-03,  2.00192275e-03, -9.99983566e-01],\n",
              "        [ 2.67974074e-04,  3.26939011e-03,  5.84500955e-02,\n",
              "          2.11467777e-02,  8.77490996e-03, -2.28553654e-02,\n",
              "          1.35350252e-01,  1.15116194e-02, -8.89352560e-01,\n",
              "          4.21224854e-01,  9.31136178e-02,  5.05618112e-03],\n",
              "        [-2.23244233e-04,  6.25945868e-04, -1.82329377e-02,\n",
              "         -5.50574423e-03,  2.99596493e-02,  4.50073122e-02,\n",
              "         -4.70169699e-01, -8.59210625e-01, -1.35588370e-01,\n",
              "         -8.27117136e-02, -1.10380771e-01,  1.33213703e-03],\n",
              "        [ 6.35985376e-03,  1.46377527e-02,  3.65813011e-02,\n",
              "          2.31642587e-01,  8.34875723e-01, -4.96324552e-01,\n",
              "          1.52902792e-02, -9.47565292e-03,  2.06003055e-02,\n",
              "         -2.40746302e-02,  8.05545750e-03, -9.18219024e-04],\n",
              "        [ 4.31953676e-03,  1.15350784e-02, -6.37528799e-02,\n",
              "          7.36356689e-02,  4.91713462e-01,  8.59256517e-01,\n",
              "          9.71166841e-02,  5.22006361e-03,  8.31905035e-03,\n",
              "          2.61983448e-02,  6.57962044e-03, -2.40573525e-05]]))"
            ]
          },
          "metadata": {},
          "execution_count": 10
        }
      ]
    },
    {
      "cell_type": "code",
      "source": [
        "# Diagonalize the covariance matrix\n",
        "eigvals_white, eigvecs_white = np.linalg.eig(cov_matrix_white)\n",
        "eigvals_red, eigvecs_red = np.linalg.eig(cov_matrix_red)\n",
        "\n",
        "# Interpret the results (eigenvalues and eigenvectors)\n",
        "eigvals_white, eigvecs_white, eigvals_red, eigvecs_red"
      ],
      "metadata": {
        "colab": {
          "base_uri": "https://localhost:8080/"
        },
        "id": "9Iy_rwuiK8q_",
        "outputId": "32891e91-7482-4033-90cc-34c3cf8557ed"
      },
      "execution_count": 11,
      "outputs": [
        {
          "output_type": "execute_result",
          "data": {
            "text/plain": [
              "(array([1.93153409e+03, 1.68473166e+02, 2.15628867e+01, 1.31617443e+00,\n",
              "        6.86711335e-01, 5.00409212e-01, 1.83893681e-02, 1.41162502e-02,\n",
              "        1.14461035e-02, 8.20647606e-03, 3.95835170e-04, 3.12864643e-07]),\n",
              " array([[-1.54452453e-03, -9.16673296e-03,  1.29244578e-02,\n",
              "          1.24422410e-01,  9.84530707e-01,  8.49236772e-02,\n",
              "          7.43389867e-02, -4.68562413e-02, -4.96968204e-03,\n",
              "         -8.57816708e-04,  2.24739551e-03,  7.66601528e-04],\n",
              "        [-1.69030937e-04, -1.54624759e-03,  9.34397864e-04,\n",
              "         -5.04641601e-03, -3.84971566e-03, -4.09544532e-02,\n",
              "         -7.19119916e-02, -2.83221670e-01,  1.62429207e-01,\n",
              "         -9.41218753e-01, -2.48414077e-02,  4.69700074e-04],\n",
              "        [-3.38646756e-04,  1.40367326e-04,  1.25792693e-03,\n",
              "          2.93863262e-03,  4.16636471e-02,  8.27487507e-03,\n",
              "         -4.03006772e-02,  8.76795979e-01, -3.52074313e-01,\n",
              "         -3.21480015e-01, -2.20033151e-02,  3.37124552e-04],\n",
              "        [-4.73275083e-02,  1.49314295e-02,  9.95132094e-01,\n",
              "         -7.59758326e-02, -5.94915363e-04, -3.78225593e-02,\n",
              "          6.29485032e-03,  3.22940168e-04, -1.39857364e-04,\n",
              "          2.40966534e-03,  5.94052159e-04,  3.73691999e-04],\n",
              "        [-9.75793989e-05, -7.20390584e-05,  7.99982707e-05,\n",
              "          5.86406534e-03, -1.51292885e-03,  2.13552145e-03,\n",
              "         -1.37426810e-02,  1.42757191e-02,  1.50976516e-03,\n",
              "         -2.94761271e-02,  9.99336604e-01,  4.61685589e-03],\n",
              "        [-2.61872279e-01,  9.64637649e-01, -2.62836581e-02,\n",
              "          1.08349352e-02,  7.88627161e-03, -4.90679537e-03,\n",
              "          6.30919916e-04, -7.83437672e-04,  4.94342399e-04,\n",
              "         -1.16750746e-03, -1.03681465e-05, -6.48529405e-06],\n",
              "        [-9.63853329e-01, -2.62682018e-01, -4.28506386e-02,\n",
              "         -1.19772833e-02, -1.73915779e-03, -1.04400671e-03,\n",
              "         -7.47319872e-04, -5.95991040e-05, -3.55241254e-04,\n",
              "          6.93323375e-04, -2.81966166e-05,  3.81281784e-06],\n",
              "        [-3.59706391e-05, -1.83976939e-05,  4.47089057e-04,\n",
              "          9.77555567e-04,  3.25262524e-04,  5.77202670e-04,\n",
              "          3.69146900e-03,  3.27338751e-04,  1.30305568e-04,\n",
              "         -1.01046543e-03,  4.62940253e-03, -9.99981100e-01],\n",
              "        [-3.36199734e-06, -4.08057870e-05, -7.02248727e-03,\n",
              "         -1.66565597e-02, -7.54813438e-02,  1.74985889e-04,\n",
              "          9.35629944e-01, -1.11993840e-01, -3.12214415e-01,\n",
              "         -9.16016835e-02,  1.22038473e-02,  3.48175662e-03],\n",
              "        [-3.40888191e-04, -3.60533010e-04, -2.14549560e-03,\n",
              "         -5.04517849e-03, -3.56125428e-03,  1.04262703e-02,\n",
              "          3.34381231e-01,  3.68395283e-01,  8.67266674e-01,\n",
              "          1.28950512e-02, -1.59878075e-03,  1.44654106e-03],\n",
              "        [ 1.25043553e-02,  6.47965595e-03, -8.28886698e-02,\n",
              "         -8.25831259e-01,  1.52189379e-01, -5.35791770e-01,\n",
              "         -2.77727045e-04,  8.85099107e-03, -1.92848945e-03,\n",
              "          2.38683042e-02,  6.81135582e-03, -1.09566804e-03],\n",
              "        [ 3.28041170e-03,  1.09933430e-02, -9.53699973e-03,\n",
              "         -5.44165671e-01, -2.98632006e-03,  8.38093112e-01,\n",
              "         -1.48623442e-02, -1.66769439e-02, -4.76233470e-05,\n",
              "         -2.74365169e-02,  6.24590433e-04, -8.34736200e-05]]),\n",
              " array([1.13382822e+03, 5.79430374e+01, 3.11116313e+00, 1.82510241e+00,\n",
              "        1.25729787e+00, 4.01466078e-01, 3.71618047e-02, 2.31828141e-02,\n",
              "        1.13120345e-02, 9.80189286e-03, 1.43693844e-03, 5.61241208e-07]),\n",
              " array([[ 6.13296554e-03, -2.38646792e-02, -9.51200639e-01,\n",
              "         -2.69339189e-01,  6.26142757e-02, -9.01399262e-02,\n",
              "          7.34502580e-02, -1.03520780e-02, -6.32729703e-02,\n",
              "         -1.98485818e-02,  1.09739010e-02,  9.42333025e-04],\n",
              "        [-3.84670318e-04, -2.02021707e-03,  2.62402333e-02,\n",
              "          4.60102384e-03, -4.90814650e-02, -6.03885516e-02,\n",
              "          6.71807398e-01, -4.58025377e-01,  3.15596945e-01,\n",
              "          4.75094817e-01, -8.24673352e-02,  6.92455485e-04],\n",
              "        [-1.70762384e-04, -3.02675912e-03, -7.42538455e-02,\n",
              "         -8.47513677e-03,  3.87189202e-02,  7.66408542e-03,\n",
              "         -5.38271060e-01,  1.95424633e-01,  2.66756083e-01,\n",
              "          7.63765497e-01, -1.02099898e-01,  5.40304313e-05],\n",
              "        [-8.64864277e-03,  1.11453593e-02, -2.81876995e-01,\n",
              "          9.31286622e-01, -2.28101691e-01,  3.04786218e-02,\n",
              "         -4.37689115e-03, -2.47822822e-03, -3.62519715e-03,\n",
              "         -7.16017299e-03, -1.53688386e-03,  4.12962904e-04],\n",
              "        [-6.37476516e-05, -2.37525597e-04, -2.80220910e-03,\n",
              "         -1.05332218e-03, -8.77844057e-03,  2.32145203e-03,\n",
              "         -6.69265118e-02, -1.15816990e-01,  1.23982913e-01,\n",
              "          7.03943915e-02,  9.80655657e-01,  1.77289477e-03],\n",
              "        [-2.18852809e-01,  9.75212313e-01, -1.99910682e-02,\n",
              "         -2.23601147e-02, -1.14122931e-02, -5.12195956e-03,\n",
              "          2.36451695e-04,  5.60411018e-05,  2.41266284e-03,\n",
              "          1.51819128e-03, -3.40432938e-04, -8.46684572e-06],\n",
              "        [-9.75669835e-01, -2.18850408e-01,  9.82959404e-04,\n",
              "         -3.08989163e-03,  1.26031872e-02,  8.86744324e-04,\n",
              "          9.55555742e-04,  2.59380120e-04, -1.12810800e-03,\n",
              "         -6.33763176e-04,  2.77738601e-04,  2.57446318e-06],\n",
              "        [-3.72590009e-06, -2.50439091e-05, -7.64213504e-04,\n",
              "          1.69393411e-05, -7.76685913e-04,  2.69866445e-04,\n",
              "          4.26523342e-04, -1.60054558e-03, -4.30492256e-03,\n",
              "          2.51449776e-03,  2.00192275e-03, -9.99983566e-01],\n",
              "        [ 2.67974074e-04,  3.26939011e-03,  5.84500955e-02,\n",
              "          2.11467777e-02,  8.77490996e-03, -2.28553654e-02,\n",
              "          1.35350252e-01,  1.15116194e-02, -8.89352560e-01,\n",
              "          4.21224854e-01,  9.31136178e-02,  5.05618112e-03],\n",
              "        [-2.23244233e-04,  6.25945868e-04, -1.82329377e-02,\n",
              "         -5.50574423e-03,  2.99596493e-02,  4.50073122e-02,\n",
              "         -4.70169699e-01, -8.59210625e-01, -1.35588370e-01,\n",
              "         -8.27117136e-02, -1.10380771e-01,  1.33213703e-03],\n",
              "        [ 6.35985376e-03,  1.46377527e-02,  3.65813011e-02,\n",
              "          2.31642587e-01,  8.34875723e-01, -4.96324552e-01,\n",
              "          1.52902792e-02, -9.47565292e-03,  2.06003055e-02,\n",
              "         -2.40746302e-02,  8.05545750e-03, -9.18219024e-04],\n",
              "        [ 4.31953676e-03,  1.15350784e-02, -6.37528799e-02,\n",
              "          7.36356689e-02,  4.91713462e-01,  8.59256517e-01,\n",
              "          9.71166841e-02,  5.22006361e-03,  8.31905035e-03,\n",
              "          2.61983448e-02,  6.57962044e-03, -2.40573525e-05]]))"
            ]
          },
          "metadata": {},
          "execution_count": 11
        }
      ]
    },
    {
      "cell_type": "code",
      "source": [
        "# Compute the eigenvalues and eigenvectors\n",
        "eigvals_white, eigvecs_white = np.linalg.eig(cov_matrix_white)\n",
        "eigvals_red, eigvecs_red = np.linalg.eig(cov_matrix_red)\n",
        "\n",
        "# Display the results\n",
        "print(\"Eigenvalues of the white wine covariance matrix:\\n\", eigvals_white)\n",
        "print(\"Eigenvectors of the white wine covariance matrix:\\n\", eigvecs_white)\n",
        "\n",
        "print(\"Eigenvalues of the red wine covariance matrix:\\n\", eigvals_red)\n",
        "print(\"Eigenvectors of the red wine covariance matrix:\\n\", eigvecs_red)"
      ],
      "metadata": {
        "colab": {
          "base_uri": "https://localhost:8080/"
        },
        "id": "eIxPg6HSNFOk",
        "outputId": "966a2ad9-bd7f-4a97-b32f-3556047876bc"
      },
      "execution_count": 12,
      "outputs": [
        {
          "output_type": "stream",
          "name": "stdout",
          "text": [
            "Eigenvalues of the white wine covariance matrix:\n",
            " [1.93153409e+03 1.68473166e+02 2.15628867e+01 1.31617443e+00\n",
            " 6.86711335e-01 5.00409212e-01 1.83893681e-02 1.41162502e-02\n",
            " 1.14461035e-02 8.20647606e-03 3.95835170e-04 3.12864643e-07]\n",
            "Eigenvectors of the white wine covariance matrix:\n",
            " [[-1.54452453e-03 -9.16673296e-03  1.29244578e-02  1.24422410e-01\n",
            "   9.84530707e-01  8.49236772e-02  7.43389867e-02 -4.68562413e-02\n",
            "  -4.96968204e-03 -8.57816708e-04  2.24739551e-03  7.66601528e-04]\n",
            " [-1.69030937e-04 -1.54624759e-03  9.34397864e-04 -5.04641601e-03\n",
            "  -3.84971566e-03 -4.09544532e-02 -7.19119916e-02 -2.83221670e-01\n",
            "   1.62429207e-01 -9.41218753e-01 -2.48414077e-02  4.69700074e-04]\n",
            " [-3.38646756e-04  1.40367326e-04  1.25792693e-03  2.93863262e-03\n",
            "   4.16636471e-02  8.27487507e-03 -4.03006772e-02  8.76795979e-01\n",
            "  -3.52074313e-01 -3.21480015e-01 -2.20033151e-02  3.37124552e-04]\n",
            " [-4.73275083e-02  1.49314295e-02  9.95132094e-01 -7.59758326e-02\n",
            "  -5.94915363e-04 -3.78225593e-02  6.29485032e-03  3.22940168e-04\n",
            "  -1.39857364e-04  2.40966534e-03  5.94052159e-04  3.73691999e-04]\n",
            " [-9.75793989e-05 -7.20390584e-05  7.99982707e-05  5.86406534e-03\n",
            "  -1.51292885e-03  2.13552145e-03 -1.37426810e-02  1.42757191e-02\n",
            "   1.50976516e-03 -2.94761271e-02  9.99336604e-01  4.61685589e-03]\n",
            " [-2.61872279e-01  9.64637649e-01 -2.62836581e-02  1.08349352e-02\n",
            "   7.88627161e-03 -4.90679537e-03  6.30919916e-04 -7.83437672e-04\n",
            "   4.94342399e-04 -1.16750746e-03 -1.03681465e-05 -6.48529405e-06]\n",
            " [-9.63853329e-01 -2.62682018e-01 -4.28506386e-02 -1.19772833e-02\n",
            "  -1.73915779e-03 -1.04400671e-03 -7.47319872e-04 -5.95991040e-05\n",
            "  -3.55241254e-04  6.93323375e-04 -2.81966166e-05  3.81281784e-06]\n",
            " [-3.59706391e-05 -1.83976939e-05  4.47089057e-04  9.77555567e-04\n",
            "   3.25262524e-04  5.77202670e-04  3.69146900e-03  3.27338751e-04\n",
            "   1.30305568e-04 -1.01046543e-03  4.62940253e-03 -9.99981100e-01]\n",
            " [-3.36199734e-06 -4.08057870e-05 -7.02248727e-03 -1.66565597e-02\n",
            "  -7.54813438e-02  1.74985889e-04  9.35629944e-01 -1.11993840e-01\n",
            "  -3.12214415e-01 -9.16016835e-02  1.22038473e-02  3.48175662e-03]\n",
            " [-3.40888191e-04 -3.60533010e-04 -2.14549560e-03 -5.04517849e-03\n",
            "  -3.56125428e-03  1.04262703e-02  3.34381231e-01  3.68395283e-01\n",
            "   8.67266674e-01  1.28950512e-02 -1.59878075e-03  1.44654106e-03]\n",
            " [ 1.25043553e-02  6.47965595e-03 -8.28886698e-02 -8.25831259e-01\n",
            "   1.52189379e-01 -5.35791770e-01 -2.77727045e-04  8.85099107e-03\n",
            "  -1.92848945e-03  2.38683042e-02  6.81135582e-03 -1.09566804e-03]\n",
            " [ 3.28041170e-03  1.09933430e-02 -9.53699973e-03 -5.44165671e-01\n",
            "  -2.98632006e-03  8.38093112e-01 -1.48623442e-02 -1.66769439e-02\n",
            "  -4.76233470e-05 -2.74365169e-02  6.24590433e-04 -8.34736200e-05]]\n",
            "Eigenvalues of the red wine covariance matrix:\n",
            " [1.13382822e+03 5.79430374e+01 3.11116313e+00 1.82510241e+00\n",
            " 1.25729787e+00 4.01466078e-01 3.71618047e-02 2.31828141e-02\n",
            " 1.13120345e-02 9.80189286e-03 1.43693844e-03 5.61241208e-07]\n",
            "Eigenvectors of the red wine covariance matrix:\n",
            " [[ 6.13296554e-03 -2.38646792e-02 -9.51200639e-01 -2.69339189e-01\n",
            "   6.26142757e-02 -9.01399262e-02  7.34502580e-02 -1.03520780e-02\n",
            "  -6.32729703e-02 -1.98485818e-02  1.09739010e-02  9.42333025e-04]\n",
            " [-3.84670318e-04 -2.02021707e-03  2.62402333e-02  4.60102384e-03\n",
            "  -4.90814650e-02 -6.03885516e-02  6.71807398e-01 -4.58025377e-01\n",
            "   3.15596945e-01  4.75094817e-01 -8.24673352e-02  6.92455485e-04]\n",
            " [-1.70762384e-04 -3.02675912e-03 -7.42538455e-02 -8.47513677e-03\n",
            "   3.87189202e-02  7.66408542e-03 -5.38271060e-01  1.95424633e-01\n",
            "   2.66756083e-01  7.63765497e-01 -1.02099898e-01  5.40304313e-05]\n",
            " [-8.64864277e-03  1.11453593e-02 -2.81876995e-01  9.31286622e-01\n",
            "  -2.28101691e-01  3.04786218e-02 -4.37689115e-03 -2.47822822e-03\n",
            "  -3.62519715e-03 -7.16017299e-03 -1.53688386e-03  4.12962904e-04]\n",
            " [-6.37476516e-05 -2.37525597e-04 -2.80220910e-03 -1.05332218e-03\n",
            "  -8.77844057e-03  2.32145203e-03 -6.69265118e-02 -1.15816990e-01\n",
            "   1.23982913e-01  7.03943915e-02  9.80655657e-01  1.77289477e-03]\n",
            " [-2.18852809e-01  9.75212313e-01 -1.99910682e-02 -2.23601147e-02\n",
            "  -1.14122931e-02 -5.12195956e-03  2.36451695e-04  5.60411018e-05\n",
            "   2.41266284e-03  1.51819128e-03 -3.40432938e-04 -8.46684572e-06]\n",
            " [-9.75669835e-01 -2.18850408e-01  9.82959404e-04 -3.08989163e-03\n",
            "   1.26031872e-02  8.86744324e-04  9.55555742e-04  2.59380120e-04\n",
            "  -1.12810800e-03 -6.33763176e-04  2.77738601e-04  2.57446318e-06]\n",
            " [-3.72590009e-06 -2.50439091e-05 -7.64213504e-04  1.69393411e-05\n",
            "  -7.76685913e-04  2.69866445e-04  4.26523342e-04 -1.60054558e-03\n",
            "  -4.30492256e-03  2.51449776e-03  2.00192275e-03 -9.99983566e-01]\n",
            " [ 2.67974074e-04  3.26939011e-03  5.84500955e-02  2.11467777e-02\n",
            "   8.77490996e-03 -2.28553654e-02  1.35350252e-01  1.15116194e-02\n",
            "  -8.89352560e-01  4.21224854e-01  9.31136178e-02  5.05618112e-03]\n",
            " [-2.23244233e-04  6.25945868e-04 -1.82329377e-02 -5.50574423e-03\n",
            "   2.99596493e-02  4.50073122e-02 -4.70169699e-01 -8.59210625e-01\n",
            "  -1.35588370e-01 -8.27117136e-02 -1.10380771e-01  1.33213703e-03]\n",
            " [ 6.35985376e-03  1.46377527e-02  3.65813011e-02  2.31642587e-01\n",
            "   8.34875723e-01 -4.96324552e-01  1.52902792e-02 -9.47565292e-03\n",
            "   2.06003055e-02 -2.40746302e-02  8.05545750e-03 -9.18219024e-04]\n",
            " [ 4.31953676e-03  1.15350784e-02 -6.37528799e-02  7.36356689e-02\n",
            "   4.91713462e-01  8.59256517e-01  9.71166841e-02  5.22006361e-03\n",
            "   8.31905035e-03  2.61983448e-02  6.57962044e-03 -2.40573525e-05]]\n"
          ]
        }
      ]
    },
    {
      "cell_type": "markdown",
      "source": [
        "Principal Component Analysis (PCA"
      ],
      "metadata": {
        "id": "mqrg55uwNnZQ"
      }
    },
    {
      "cell_type": "code",
      "source": [
        "# Convert all columns to numeric, filling NaN values with column means\n",
        "white_wine_numeric = white_wine.apply(pd.to_numeric, errors='coerce').fillna(white_wine.mean())\n",
        "red_wine_numeric = red_wine.apply(pd.to_numeric, errors='coerce').fillna(red_wine.mean())\n",
        "\n",
        "# Standardize the data\n",
        "scaler_white = StandardScaler()\n",
        "scaler_red = StandardScaler()\n",
        "\n",
        "white_wine_scaled = scaler_white.fit_transform(white_wine_numeric)\n",
        "red_wine_scaled = scaler_red.fit_transform(red_wine_numeric)\n",
        "\n",
        "# Apply PCA\n",
        "pca_white = PCA()\n",
        "pca_red = PCA()\n",
        "\n",
        "white_wine_pca = pca_white.fit_transform(white_wine_scaled)\n",
        "red_wine_pca = pca_red.fit_transform(red_wine_scaled)\n",
        "\n",
        "# Variance explained by each principal component\n",
        "explained_variance_white = pca_white.explained_variance_ratio_\n",
        "explained_variance_red = pca_red.explained_variance_ratio_\n",
        "\n",
        "# Cumulative variance\n",
        "cumulative_variance_white = np.cumsum(explained_variance_white)\n",
        "cumulative_variance_red = np.cumsum(explained_variance_red)\n",
        "\n",
        "# Plot cumulative variance explained\n",
        "plt.figure(figsize=(10, 5))\n",
        "\n",
        "plt.subplot(1, 2, 1)\n",
        "plt.plot(cumulative_variance_white, marker='o', linestyle='--')\n",
        "plt.title('Cumulative Variance Explained (White Wine)')\n",
        "plt.xlabel('Number of Principal Components')\n",
        "plt.ylabel('Cumulative Variance Explained')\n",
        "\n",
        "plt.subplot(1, 2, 2)\n",
        "plt.plot(cumulative_variance_red, marker='o', linestyle='--')\n",
        "plt.title('Cumulative Variance Explained (Red Wine)')\n",
        "plt.xlabel('Number of Principal Components')\n",
        "plt.ylabel('Cumulative Variance Explained')\n",
        "\n",
        "plt.tight_layout()\n",
        "plt.show()\n",
        "\n",
        "# Visualize the first two principal components\n",
        "plt.figure(figsize=(10, 5))\n",
        "\n",
        "plt.subplot(1, 2, 1)\n",
        "plt.scatter(white_wine_pca[:, 0], white_wine_pca[:, 1], alpha=0.5)\n",
        "plt.title('PCA - First Two Principal Components (White Wine)')\n",
        "plt.xlabel('Principal Component 1')\n",
        "plt.ylabel('Principal Component 2')\n",
        "\n",
        "plt.subplot(1, 2, 2)\n",
        "plt.scatter(red_wine_pca[:, 0], red_wine_pca[:, 1], alpha=0.5)\n",
        "plt.title('PCA - First Two Principal Components (Red Wine)')\n",
        "plt.xlabel('Principal Component 1')\n",
        "plt.ylabel('Principal Component 2')\n",
        "\n",
        "plt.tight_layout()\n",
        "plt.show()\n",
        "\n",
        "# Print the variance explained by each principal component\n",
        "print(\"Variance explained by each principal component (White Wine):\\n\", explained_variance_white)\n",
        "print(\"Variance explained by each principal component (Red Wine):\\n\", explained_variance_red)"
      ],
      "metadata": {
        "colab": {
          "base_uri": "https://localhost:8080/",
          "height": 1000
        },
        "id": "55yKpr_VNoB1",
        "outputId": "09200a58-4624-48f2-8d10-bce606829d56"
      },
      "execution_count": 15,
      "outputs": [
        {
          "output_type": "display_data",
          "data": {
            "text/plain": [
              "<Figure size 1000x500 with 2 Axes>"
            ],
